Date	Price	Open	High	Low
1/22/2020	8663.9	8734.2	8799.9	8580.6
1/23/2020	8403.5	8668.9	8669.3	8296.9
1/24/2020	8447.1	8403.6	8521.8	8247.7
1/25/2020	8353.7	8447.1	8447.2	8280
1/26/2020	8621.6	8351.1	8622	8303.6
1/27/2020	8912	8622	9001.8	8585.2
1/28/2020	9393.7	8912.1	9413	8912.1
1/29/2020	9304.2	9390.9	9442	9244.4
1/30/2020	9512.7	9305.1	9550	9175.7
1/31/2020	9367.4	9512.7	9519.9	9221.9
2/1/2020	9410.6	9371.3	9476.4	9318.1
2/2/2020	9353.1	9408	9501	9175.4
2/3/2020	9309.3	9353.1	9625.3	9247.1
2/4/2020	9197.4	9309.2	9359.8	9112.5
2/5/2020	9612	9197.5	9731.2	9180.2
2/6/2020	9744.9	9612	9860	9547
2/7/2020	9805.2	9745	9859.6	9695.5
2/8/2020	9877.2	9805.2	9920.7	9657.8
2/9/2020	10151	9877.3	10161	9871.1
2/10/2020	9850.2	10151.5	10187	9737.8
2/11/2020	10247	9851.2	10316	9720
2/12/2020	10339	10249	10458	10238
2/13/2020	10222	10338	10489	10080
2/14/2020	10335	10222	10371	10101
2/15/2020	9901	10335	10370	9800.3
2/16/2020	9929.7	9901	10037	9651.4
2/17/2020	9708	9929.7	9963.8	9501.5
2/18/2020	10183	9708	10275	9625.9
2/19/2020	9592.2	10184	10309	9350.3
2/20/2020	9608.1	9586.2	9694.7	9362.4
2/21/2020	9693.5	9609.2	9757.4	9567.9
2/22/2020	9662.4	9693	9714	9565.2
2/23/2020	9985	9663	10001	9660.2
2/24/2020	9674.1	9983.8	10022	9484.3
2/25/2020	9327.5	9674	9686.6	9251.4
2/26/2020	8813.2	9324.8	9385.9	8652.7
2/27/2020	8825.8	8813.2	8975	8555
2/28/2020	8728	8826.1	8908.3	8455.2
2/29/2020	8557.3	8730.6	8820.9	8557.3
3/1/2020	8565.2	8561.5	8775	8460
3/2/2020	8938.1	8556.8	8990.8	8524.6
3/3/2020	8791.1	8938.5	8940	8700
3/4/2020	8788.6	8791.1	8877.7	8718.4
3/5/2020	9090.8	8795.3	9185	8795.3
3/6/2020	9180.6	9085.6	9199.7	9016.1
3/7/2020	8919	9180.6	9231.1	8884.8
3/8/2020	8074	8917.2	8917.2	8049.5
3/9/2020	7967.3	8073.8	8214.9	7700
3/10/2020	7913.8	7965.5	8180	7779
3/11/2020	7969.6	7917.9	8020.6	7635.1
3/12/2020	4927	7975.3	8001.7	4612.1
3/13/2020	5625.4	4873.1	5965.3	4001
3/14/2020	5218.2	5621.8	5673.2	5099
3/15/2020	5383.2	5217.1	5984.2	5133
3/16/2020	5058.5	5381.9	5381.9	4468
3/17/2020	5345.2	5068.3	5564.2	4964.4
3/18/2020	5416.2	5339	5452.7	5033.9
3/19/2020	6173.4	5417.1	6412.6	5266.4
3/20/2020	6205.8	6173.5	6897	5687.6
3/21/2020	6201.8	6211.1	6461	5884.7
3/22/2020	5827	6202.7	6410.6	5757.3
3/23/2020	6491.2	5820.1	6652.4	5682.7
3/24/2020	6762	6491.2	6838.5	6406.1
3/25/2020	6688.2	6762	6968	6449.9
3/26/2020	6750.7	6688.2	6790.1	6536.9
3/27/2020	6370	6755	6856	6277.8
3/28/2020	6249.3	6366	6366	6061.4
3/29/2020	5892.6	6252.3	6279.6	5892.6
3/30/2020	6407.6	5893.7	6627.1	5880.9
3/31/2020	6427.7	6409.1	6536	6350
4/1/2020	6675	6429	6714.6	6180
4/2/2020	6818.3	6685.7	7263.3	6591.3
4/3/2020	6740.8	6810.7	7048.1	6624.6
4/4/2020	6881.6	6738.5	7010.8	6660
4/5/2020	6778	6880.6	6914.7	6693.4
4/6/2020	7346	6780.2	7350.1	6779.9
4/7/2020	7203	7340.2	7452	7088
4/8/2020	7367	7203	7420	7155.8
4/9/2020	7293.5	7367.1	7370.7	7117
4/10/2020	6875.5	7293.7	7305.8	6756.4
4/11/2020	6884.5	6874.3	6954.4	6780
4/12/2020	6913	6884.5	7192.2	6797.6
4/13/2020	6848.7	6916.5	6916.5	6576.5
4/14/2020	6872.4	6847.9	6984.9	6762.9
4/15/2020	6633.8	6874	6938.4	6621.3
4/16/2020	7114.9	6629.1	7200	6500.4
4/17/2020	7045.8	7114.7	7158.9	7013.4
4/18/2020	7269.1	7045.9	7300.1	7044.9
4/19/2020	7133.3	7268.8	7285.4	7058.7
4/20/2020	6841.9	7133.4	7235	6767.1
4/21/2020	6850	6835	6955.6	6770.7
4/22/2020	7133	6849.9	7164	6826.2
4/23/2020	7495.2	7133.3	7744.9	7047.4
4/24/2020	7506.8	7499	7614	7428.3
4/25/2020	7538.5	7508.4	7700	7450.1
4/26/2020	7697.1	7538.5	7697.1	7487
4/27/2020	7777.7	7698	7777.7	7623.4
4/28/2020	7755.8	7777.6	7777.7	7658.6
4/29/2020	8773.3	7750.7	8918	7706.1
4/30/2020	8635.3	8773.8	9438.8	8416
5/1/2020	8822.9	8630.8	9069.9	8630.8
5/2/2020	8982.3	8822.9	8999	8763
5/3/2020	8899.8	8982.3	9198	8738.5
5/4/2020	8865.8	8901.6	8959	8535
5/5/2020	9020.1	8871.2	9119.8	8770.9
5/6/2020	9157.9	9020	9415.1	8918.3
5/7/2020	9979.6	9150.4	10045	9050
5/8/2020	9792.8	9991	10025	9713.8
5/9/2020	9537.9	9792.2	9900	9499
5/10/2020	8726	9537.7	9557.5	8107.4
5/11/2020	8555	8726	9135.8	8211.1
5/12/2020	8811.4	8555	8967	8526.6
5/13/2020	9312	8811.4	9403.2	8799.5
5/14/2020	9791	9312	9937.8	9267.5
5/15/2020	9313.3	9791	9836.5	9133.6
5/16/2020	9388	9313.3	9580	9224
5/17/2020	9668.2	9388	9877.7	9334.2
5/18/2020	9714.8	9668.2	9941.1	9462.4
5/19/2020	9770.1	9714.8	9877.5	9470.2
5/20/2020	9502	9770.1	9840.6	9305.1
5/21/2020	9059.5	9502	9564	8821.4
5/22/2020	9162.4	9059.5	9257.3	8935.5
5/23/2020	9174.6	9162.4	9304	9088.6
5/24/2020	8711.5	9174.6	9300	8700
5/25/2020	8902	8711.5	8960.8	8628.6
5/26/2020	8845.5	8902	9013.3	8705
5/27/2020	9210.3	8845.5	9225	8822.8
5/28/2020	9589.3	9210.3	9629.6	9121.7
5/29/2020	9426.2	9589.3	9618.5	9352.3
5/30/2020	9706.4	9426.2	9742	9338
5/31/2020	9452.1	9706.4	9707.2	9402.6
6/1/2020	10221	9452.1	10390	9421.8
6/2/2020	9530	10221	10242	9197.4
6/3/2020	9672	9530	9684	9400
6/4/2020	9790.7	9672	9882.1	9477
6/5/2020	9620.5	9790.7	9861.8	9620.5
6/6/2020	9668.4	9620.4	9733	9552.6
6/7/2020	9746.3	9668.4	9814	9402.3
6/8/2020	9783.2	9747.1	9800	9650.4
6/9/2020	9770.8	9784.4	9875.9	9582.1
6/10/2020	9898.8	9771.9	10004	9699.3
6/11/2020	9272.2	9898.8	9972.8	9088.6
6/12/2020	9468.3	9272.2	9544	9246
6/13/2020	9480.8	9468.3	9498.2	9363.6
6/14/2020	9345.4	9480.9	9486	9262
6/15/2020	9433.9	9344.8	9510	8914.9
6/16/2020	9534.4	9435	9589.9	9388.1
6/17/2020	9473.3	9534.4	9566	9261.3
6/18/2020	9400	9473.3	9496.4	9287.2
6/19/2020	9315.5	9400	9439.9	9241.8
6/20/2020	9371.3	9315.5	9401	9178.6
6/21/2020	9298.1	9371.3	9431.1	9292.1
6/22/2020	9697.7	9298.1	9794.2	9285.2
6/23/2020	9635.1	9697.7	9724	9594.7
6/24/2020	9312.1	9635.1	9684.1	9222.3
6/25/2020	9257	9312.1	9344	9012.7
6/26/2020	9173.1	9257	9299	9054.1
6/27/2020	9015.3	9173.1	9199.5	8857.3
6/28/2020	9127.8	9015.3	9193.2	8949.4
6/29/2020	9194.4	9127.8	9242.1	9030.2
6/30/2020	9150.6	9194.4	9206.5	9077.1
7/1/2020	9239.9	9150.6	9298	9109.5
7/2/2020	9100	9239.9	9266.1	8950.2
7/3/2020	9073.9	9100	9135.5	9058.1
7/4/2020	9147.7	9073.9	9203.5	9060
7/5/2020	9089.7	9147.7	9152.3	9004.9
7/6/2020	9361	9089.7	9361	9080.1
7/7/2020	9267.5	9361	9361	9255.1
7/8/2020	9447	9267.5	9480.7	9267.5
7/9/2020	9248.9	9447	9447	9215
7/10/2020	9305.7	9248.9	9305.7	9161.9
7/11/2020	9246.3	9305.7	9305.7	9221.8
7/12/2020	9315.8	9246.3	9315.8	9195.6
7/13/2020	9252	9315.8	9344.8	9238.1
7/14/2020	9263.4	9252	9270.7	9194.8
7/15/2020	9210.1	9263.4	9263.4	9195.7
7/16/2020	9149.9	9210.1	9215.7	9092.1
7/17/2020	9167.3	9149.9	9172	9128.8
7/18/2020	9189.1	9167.3	9200.1	9142.9
7/19/2020	9231.2	9189.1	9231.2	9130.5
7/20/2020	9179.2	9231.2	9231.2	9169.7
7/21/2020	9402	9179.2	9434	9179.2
7/22/2020	9557.7	9402	9557.7	9349.3
7/23/2020	9615	9557.7	9642.9	9494.6
7/24/2020	9559.4	9615	9615	9505.3
7/25/2020	9714.9	9559.1	9730.5	9559.1
7/26/2020	9948.1	9714.9	10008	9685.8
7/27/2020	11044	9946.3	11249.1	9946.3
7/28/2020	10932	11044	11211.8	10761
7/29/2020	11117	10932	11240	10929.2
7/30/2020	11123	11117	11180	10965
7/31/2020	11350	11123	11378	11038
8/1/2020	11804.7	11350	11804.7	11307
8/2/2020	11053.8	11804.7	11917	11032
8/3/2020	11226.5	11053.8	11389	11053.8
8/4/2020	11184	11226.5	11346.8	11096
8/5/2020	11735.8	11184	11735.8	11182
8/6/2020	11759	11735.8	11858	11649.7
8/7/2020	11580	11759	11845	11509
8/8/2020	11764	11580	11772	11564
8/9/2020	11675.7	11764	11782	11572
8/10/2020	11892	11675.7	12024	11675.7
8/11/2020	11379.8	11892	11912	11278
8/12/2020	11591	11379.8	11591	11257
8/13/2020	11792.5	11589	11792.5	11388
8/14/2020	11761	11792.5	11824	11699
8/15/2020	11873.4	11761	11977.4	11761
8/16/2020	11925	11873.4	11925	11781
8/17/2020	12300	11925	12415	11826.1
8/18/2020	11961.8	12300	12359	11927.2
8/19/2020	11778	11961.8	12004	11694.6
8/20/2020	11884	11778	11900	11719
8/21/2020	11531	11884	11889	11531
8/22/2020	11685	11531	11690.7	11449
8/23/2020	11663	11685	11692.6	11551
8/24/2020	11768	11663	11817.9	11616.8
8/25/2020	11341	11768	11768	11200
8/26/2020	11471	11341	11482	11316
8/27/2020	11343	11471.1	11471.1	11254
8/28/2020	11545	11343	11545	11343
8/29/2020	11492	11545	11587	11476.3
8/30/2020	11729.9	11492	11729.9	11492
8/31/2020	11671	11729.9	11734	11639.1
9/1/2020	11942	11671	12037	11616
9/2/2020	11408	11942	11942	11334
9/3/2020	10170	11408	11408	10011
9/4/2020	10484.7	10170	10593	10170
9/5/2020	10197	10484.7	10517.7	10046.2
9/6/2020	10276	10196.9	10325	10122
9/7/2020	10397	10276	10397	9964.1
9/8/2020	10149.8	10397	10397	10007
9/9/2020	10240	10149.8	10324	10030
9/10/2020	10355	10240	10407	10240
9/11/2020	10405	10355	10405	10220
9/12/2020	10458	10405	10463.5	10352
9/13/2020	10331	10458	10560	10244
9/14/2020	10686	10331	10754	10331
9/15/2020	10797	10690	10899.9	10690
9/16/2020	10971.3	10797	11091	10690.9
9/17/2020	10959	10971.3	11040.4	10812.7
9/18/2020	10957.2	10959	11022	10868
9/19/2020	11099	10957.2	11127	10957.2
9/20/2020	10934.5	11099	11099	10848.2
9/21/2020	10434	10934.5	10980.9	10434
9/22/2020	10549	10435	10589	10435
9/23/2020	10263	10549	10549	10255
9/24/2020	10754	10263	10760	10263
9/25/2020	10708	10754	10765	10629
9/26/2020	10750	10708	10776.9	10700.7
9/27/2020	10803	10750	10807.1	10664
9/28/2020	10712	10803	10941	10712
9/29/2020	10856	10712	10856	10697
9/30/2020	10794	10856	10856	10715
10/1/2020	10634	10795	10909	10523
10/2/2020	10586	10634	10634	10476
10/3/2020	10558.6	10586	10608	10535
10/4/2020	10687	10558.6	10694.1	10557.6
10/5/2020	10807	10687	10807	10669
10/6/2020	10613.7	10807	10807	10592
10/7/2020	10687	10613.7	10687	10584.1
10/8/2020	10943	10687	10943	10577
10/9/2020	11071	10943	11102.4	10878
10/10/2020	11308	11071	11450	11071
10/11/2020	11385	11308	11430	11308
10/12/2020	11560	11385	11698.9	11284
10/13/2020	11442	11560	11560	11392.5
10/14/2020	11440	11442	11547	11347
10/15/2020	11509	11440	11513	11335
10/16/2020	11325	11509	11540	11268.2
10/17/2020	11375	11325	11375	11325
10/18/2020	11518	11375	11518	11366
10/19/2020	11757	11518	11764	11451
10/20/2020	11925	11757	11980	11723
10/21/2020	12825	11925	13099	11925
10/22/2020	12988	12810.9	13128	12738.3
10/23/2020	12935	12988	12999	12757
10/24/2020	13132	12935	13166	12905
10/25/2020	13037	13127	13298	12990
10/26/2020	13061	13037	13205	12863
10/27/2020	13626.3	13061	13703.5	13061
10/28/2020	13272	13626.3	13763	13041.2
10/29/2020	13451	13272	13555.1	13153
10/30/2020	13568	13451	13642.2	13250
10/31/2020	13788	13568	13958	13499
11/1/2020	13756	13788	13829	13679.5
11/2/2020	13563	13756	13828.5	13414
11/3/2020	14025	13562	14025	13401
11/4/2020	14160	14025	14160	13643
11/5/2020	15574	14160	15574	14160
11/6/2020	15571.7	15568	15876	15441
11/7/2020	14844.1	15571.7	15610	14734
11/8/2020	15501	14844.1	15554.2	14844.1
11/9/2020	15329	15501	15687	15063.7
11/10/2020	15312	15329	15402	15177
11/11/2020	15710	15312	15911.6	15312
11/12/2020	16294	15710	16294	15656
11/13/2020	16310	16296.2	16405	16079
11/14/2020	16058.3	16310	16310	15833
11/15/2020	15962.2	16057	16095	15871
11/16/2020	16710	15962.2	16827.6	15906
11/17/2020	17674.9	16710	17740	16627
11/18/2020	17773	17674.9	18212	17378.6
11/19/2020	17810	17773	18140	17486
11/20/2020	18669	17810	18699.7	17810
11/21/2020	18660	18669	18944.5	18521
11/22/2020	18399	18660	18668	18122
11/23/2020	18373	18399	18655	18158
11/24/2020	19134.8	18373	19349	18357
11/25/2020	18730	19134.8	19303	18730
11/26/2020	17219	18727	18824	16592
11/27/2020	17169.3	17211.7	17492	16614.9
11/28/2020	17746	17169.3	17800	16997
11/29/2020	18196	17746	18212	17579.2
11/30/2020	19686	18196	19723	18196
12/1/2020	18807	19695	19733	18727
12/2/2020	19241	18807	19275	18538
12/3/2020	19447	19241	19560	18999.4
12/4/2020	18657	19452	19452	18657
12/5/2020	19157	18657	19157	18657
12/6/2020	19410	19157	19410	19015.6
12/7/2020	19196	19410	19410	18959.4
12/8/2020	18335	19196	19299	18335
12/9/2020	18560	18337	18630	17827
12/10/2020	18260	18560	18560	18155
12/11/2020	18050	18260	18260	17764
12/12/2020	18810.6	18050	18821	18050
12/13/2020	19180	18818	19338.1	18747
12/14/2020	19281	19180	19281	19076
12/15/2020	19459	19282	19548	19135
12/16/2020	21322	19459	21322	19388
12/17/2020	22806.6	21322	23492	21322
12/18/2020	23127	22806.6	23142	22544
12/19/2020	23804	23127	24058	22966
12/20/2020	23427	23804	24099	23331.7
12/21/2020	22701	23432.7	23901	22483
12/22/2020	23805	22701	23805	22489.7
12/23/2020	23234	23805	23916	22917
12/24/2020	23735	23234	23735	22860
12/25/2020	24717	23743	24717	23491
12/26/2020	26412	24717	26577	24566
12/27/2020	26241	26410	28051.1	26241
12/28/2020	27058	26241	27308	26241
12/29/2020	27315	27058	27315	25923
12/30/2020	28880	27316	28892	27316
12/31/2020	28933	28880	29133	28358
1/1/2021	29346	28933	29498	28932
1/2/2021	32185	29346	33168	29192
1/3/2021	32971	32183	34253	32110
1/4/2021	32020	32971	33403	29178
1/5/2021	33996	32020	33996	30979.1
1/6/2021	36755	33986	36755	33901
1/7/2021	39407	36755	39672	36755
1/8/2021	40509	39407	41616	37723
1/9/2021	40171	40509	41046	38966
1/10/2021	38226	40171	41209.3	37436
1/11/2021	35476	38226	38226	31842
1/12/2021	34103	35448	35838.6	33616
1/13/2021	37375	34106	37418	33160
1/14/2021	39170	37374	39750	37193
1/15/2021	36741	39145	39476	35268
1/16/2021	36055	36741	37750	35809
1/17/2021	35903	36061	36570	33914
1/18/2021	36699	35913	36906	35180
1/19/2021	35958	36699	37673	35958
1/20/2021	35521.1	35915	36263	33447
1/21/2021	30873	35522	35522	30609
1/22/2021	33062	30852	33631	28991
1/23/2021	32099	33062	33062	31773
1/24/2021	32298	32099	32830	31481
1/25/2021	32268.1	32298	34693	32268.1
1/26/2021	32519	32268.1	32735.1	31434
1/27/2021	30454	32519	32519	29815
1/28/2021	33331	30454	33418	30344
1/29/2021	34280.7	33350	38056	32466
1/30/2021	34334	34268	34791	33136.6
1/31/2021	33141	34334	34334	32270
2/1/2021	33559	33141	34460.1	32595
2/2/2021	35563	33559	35960	33559
2/3/2021	37677	35563	37677	35563
2/4/2021	36975	37677	37998	36521
2/5/2021	38260	36975	38260	36759
2/6/2021	39257	38260	40780	38260
2/7/2021	38841	39257	39561	38061
2/8/2021	46440	38841	46440	38250
2/9/2021	46486	46440	48004	45882
2/10/2021	44835	46486	47056	44541
2/11/2021	47966	44835	47981	44444
2/12/2021	47389	47966	48540	47072
2/13/2021	47177	47389	47939	46582
2/14/2021	48587	47177	49279	47177
2/15/2021	47941	48587	48694	46563
2/16/2021	49225	47941	49533.5	47643
2/17/2021	52060	49225	52284	49225
2/18/2021	51566	52060	52433	51356.9
2/19/2021	55847	51566	56093	51079
2/20/2021	55838	55847	57352	55182
2/21/2021	57376	55838	58238	55639
2/22/2021	54078	57376	57376	48383
2/23/2021	48888	54078	54078	45343.5
2/24/2021	49715	48888	51043	47179
2/25/2021	47144	49715	51511	47144
2/26/2021	46319	47144	48250	45320
2/27/2021	46217	46319	47766.9	46217
2/28/2021	45300	46217	46360.5	43380
3/1/2021	49572	45300	49572	45300
3/2/2021	48526	49572	49572	47453.6
3/3/2021	50425	48526	52018	48526
3/4/2021	48368	50425	51556	48059
3/5/2021	48811	48368	49277	46662
3/6/2021	48895	48811	49043.1	47515.4
3/7/2021	51031.2	48895	51031.2	48895
3/8/2021	52395	51031.2	52395	49821
3/9/2021	54949.4	52395	54949.4	52395
3/10/2021	55955.2	54950	57033	53698.7
3/11/2021	57869	55939	57921	54834
3/12/2021	57315	57869	57869	55946
3/13/2021	61207	57315	61207	56488
3/14/2021	59005	61207	61468	59005
3/15/2021	55644	59005	60141.1	55644
3/16/2021	56924	55644	56924	54049
3/17/2021	58870	56924	58870	54576
3/18/2021	57640	58870	59799	57580
3/19/2021	58074	57640	58961	57030
3/20/2021	58087	58074	59421	58074
3/21/2021	57368	58087	58499.5	56200
3/22/2021	54074	57368	58036	54074
3/23/2021	54331	54074	55646.9	53541.2
3/24/2021	52347.2	54331	56919	52347.2
3/25/2021	51363	52347.2	52926	50874
3/26/2021	54992.9	51363	54992.9	51363
3/27/2021	55886	54992.9	56249	54373
3/28/2021	55773	55886	56326	55089
3/29/2021	57672.3	55773	58162	54984
3/30/2021	58841	57672.3	59349	57278
3/31/2021	58796	58841	59453	57698
4/1/2021	58727.4	58796	59172.9	58498
4/2/2021	58959	58727.4	59834	58727.4
4/3/2021	57023	58959	59499	57023
4/4/2021	58240	57023	58240	57023
4/5/2021	59145	58240	59145	57034
4/6/2021	57991	59145	59200	57603
4/7/2021	55960	57991	58490	55960
4/8/2021	58110	55960	58110	55960
4/9/2021	58114	58110	58683	57849
4/10/2021	59823.8	58114	60984	58114
4/11/2021	60034.8	59823.8	60486	59411
4/12/2021	59900	60034.8	60701	59747
4/13/2021	63518	59900	63518	59900
4/14/2021	62942.7	63518	64374	62065
4/15/2021	63196	62907	63475	62348
4/16/2021	61325	63196	63453	60286
4/17/2021	59970	61325	62367.7	59970
4/18/2021	56163	59970	60223	54416.8
4/19/2021	55639	56173	57359	54912.8
4/20/2021	56476	55639	56950	54398
4/21/2021	53822	56476	56476	53822
4/22/2021	51781.3	53822	55067	51781.3
4/23/2021	51139	51781.3	51781.3	48719.6
4/24/2021	50167	51139	51139	49572
4/25/2021	49116.3	50167	50539	48409.8
4/26/2021	54103	49129	54214	49129
4/27/2021	55044	54103	55215	53660
4/28/2021	54860	55044	55575	54090
4/29/2021	53566	54860	54860	52631
4/30/2021	57637	53566	57637	53339
5/1/2021	57774	57634.7	58265	57259
5/2/2021	56605	57774	57774	56385
5/3/2021	57147	56605	58686	56605
5/4/2021	53264	57147	57147	53264
5/5/2021	57477	52960	57477	52960
5/6/2021	56451	57487	57843	55897
5/7/2021	57349	56451	58101	55606
5/8/2021	58894	57349	59327	57317
5/9/2021	58276	58894	58956.5	56977
5/10/2021	55851	58276	59454.3	55448
5/11/2021	56715	55851	56724	54789
5/12/2021	49725	56715	57688	49725
5/13/2021	49747	49725	51154	48120.6
5/14/2021	49917	49747	51168	49289
5/15/2021	46784.9	49917	50526.2	46784.9
5/16/2021	46582.9	46784.9	49460	45340
5/17/2021	43544	46569	46569	42304
5/18/2021	42935	43544	45474	42611.8
5/19/2021	36755	42935	42935	35303.4
5/20/2021	40578	36755	41827	35198.4
5/21/2021	37415	40550.1	41500	35188
5/22/2021	37585	37415	38662	36150
5/23/2021	34730.3	37585	38186	32623
5/24/2021	38772.9	34730.3	39201	34730.3
5/25/2021	38363	38772.9	39761	36760.5
5/26/2021	39301	38363	40497.8	38020.2
5/27/2021	38435	39301	40120	37381
5/28/2021	35667	38484.7	38484.7	35028
5/29/2021	34570	35667	36910.5	33681
5/30/2021	35615	34570	36138	33680
5/31/2021	37305	35615	37305	34527
6/1/2021	36672.6	37305	37624.8	35928
6/2/2021	37590	36672.6	38053	36192.3
6/3/2021	39209	37590	39209	37371
6/4/2021	36854	39209	39209	36532
6/5/2021	35543	36844	37690.3	35296
6/6/2021	35782	35543	36238	35496
6/7/2021	33596	35782	36613.3	33596
6/8/2021	33415	33596	33744.8	31547.6
6/9/2021	37347	33415	37490	32673
6/10/2021	36649.2	37347	37933	36559
6/11/2021	37338	36649.2	37427	36342
6/12/2021	35531	37338	37338	35185
6/13/2021	39004	35531	39021.1	34984
6/14/2021	40500	39004	40732	38812
6/15/2021	40139	40509	40708.8	39726
6/16/2021	38332	40139	40394	38332
6/17/2021	38061	38332	39324	37733.7
6/18/2021	35802	38061	38061	35490
6/19/2021	35585.8	35802	36236	35460
6/20/2021	35631	35585.8	35966	33725
6/21/2021	31761	35631	35631	31475
6/22/2021	32553	31761	33300	29927
6/23/2021	33703	32553	34196	32553
6/24/2021	34656.6	33703	35137.2	32530
6/25/2021	31584	34656.6	34915	31584
6/26/2021	32359	31584.7	32359	30331
6/27/2021	34717	32359	34717	32359
6/28/2021	34484	34717	35168	34152
6/29/2021	35895.9	34484	36411	34316.7
6/30/2021	35043.5	35895.9	35981	34754
7/1/2021	33554.4	35043.5	35043.5	32821
7/2/2021	33816	33554.4	33924	32727
7/3/2021	34758	33816	34762	33561.6
7/4/2021	35289	35494	35782	35289
7/5/2021	33668	35289	35289	33479.2
7/6/2021	34140	33668	34858.8	33668
7/7/2021	33886	34256	35076	33826
7/8/2021	32873.9	33886	33939	32063
7/9/2021	33769	32873.9	34044	32574
7/10/2021	33506	33769	34221	33024
7/11/2021	34239	33506	34584	33317
7/12/2021	33090	34239	34624	32616
7/13/2021	32727	33090	33333	32210
7/14/2021	32822.6	32727	33117	31596
7/15/2021	31857	32822.6	33194	31170
7/16/2021	31429	31875	32266	31055
7/17/2021	31559	31427	31975	31224
7/18/2021	31824	31559	32427	31211.8
7/19/2021	30847	31824	31924	30514
7/20/2021	29806.1	30847	31075	29341
7/21/2021	32141	29806.1	32804	29545
7/22/2021	32320	32141	32609.7	31747
7/23/2021	33597.1	32320	33625.3	32020
7/24/2021	33845	33597.1	34043	33422
7/25/2021	35407	34620	35430	33906
7/26/2021	37296	35422	40515.6	35276
7/27/2021	39563	37296	39563	36436
7/28/2021	40004	39563	40899	38822
7/29/2021	40041	40004	40623	39282
7/30/2021	42169	40034.4	42244	38373
7/31/2021	41409	42169	42317	41051
8/1/2021	39922	41409	42532	39596
8/2/2021	39156	39922	40441	38716
8/3/2021	38207	39156	39774	37700
8/4/2021	39754	38219	39965	37564
8/5/2021	40887	39741	41352	37361
8/6/2021	42830	40887	43294	39933
8/7/2021	44589	42830	44689.2	42464
8/8/2021	43770	44589	45249	43300
8/9/2021	46293	43770	46432.2	42792
8/10/2021	45612	46291	46674	44644
8/11/2021	45546	45612	46725	45358
8/12/2021	44423	45546	46185	43789
8/13/2021	47842	44423	47866	44276
8/14/2021	47084	47842	48120	46036
8/15/2021	47031	47084	47355	45556
8/16/2021	45940	47031	48059	45689
8/17/2021	44698	45940	47157	44467
8/18/2021	44744	44698	46007.8	44290
8/19/2021	46765	44744	47060	43992
8/20/2021	49332	46765	49362	46660
8/21/2021	48868	49332	49784	48290
8/22/2021	49264	48868	49487	48121
8/23/2021	49539	49264	50506.3	49055
8/24/2021	47714	49539	49857	47604
8/25/2021	48989	47714	49244	47158
8/26/2021	46832	48989	49385	46370.7
8/27/2021	49076.1	46832	49159	46364.9
8/28/2021	48914	49076.1	49310	48400
8/29/2021	48800	48914	49650	47844
8/30/2021	47008	48800	48915.7	46904
8/31/2021	47157	47008	48241	46725
9/1/2021	48844	47157	49102	46600
